0,255
0,254
53,3
53,2
0,253
53,1
53,0
0,252
0,251
52,5
52,4
52,3
52,2
0,250
52,1
52,0
0,249
0,248
51,4
51,3
51,2
0,247
51,1
51,0
0,246
0,245
50,5
50,4
50,3
50,2
0,244
50,1
50,0
0,242
0,241
49,4
49,3
49,2
0,240
49,1
49,0
14,7
14,6
0,239
0,238
48,5
48,4
48,3
48,2
0,237
48,1
48,0
0,236
0,235
47,4
47,3
47,2
0,234
47,1
47,0
0,233
0,232
46,4
46,3
46,2
0,231
46,1
46,0
0,230
0,388
0,229
45,5
45,4
45,3
45,2
0,228
45,1
45,0
0,227
0,226
44,4
44,3
44,2
0,225
44,1
44,0
0,224
0,223
43,4
43,3
43,2
0,222
43,1
43,0
0,221
0,220
42,3
42,2
0,219
42,1
42,0
14,5
14,1
14,4
0,218
0,217
41,4
41,3
41,2
0,216
41,1
41,0
0,215
0,214
40,4
40,3
40,2
0,213
40,1
40,0
0,212
0,211
39,5
39,4
39,3
39,2
0,210
39,1
39,0
0,209
0,207
0,205
38,3
38,2
38,1
38,0
37,4
37,3
37,2
37,1
37,0
36,4
36,3
36,2
36,1
36,0
35,3
35,2
35,1
35,0
34,4
34,3
34,2
34,1
34,0
0,60
0,319
0,58
33,4
33,3
33,2
0,318
0,317
0,2
33,1
33,0
0,316
0,282
32,4
32,3
32,2
0,281
32,1
32,0
0,280
0,279
31,4
31,3
31,2
0,277
31,1
31,0
0,274
0,311
30,3
30,2
0,310
30,1
30,0
0,202
0,309
29,4
29,3
29,2
0,307
29,1
29,0
0,305
0,303
28,4
28,3
28,2
0,301
28,1
28,0
0,300
0,299
27,5
27,4
27,3
27,2
0,298
27,1
27,0
0,297
0,296
26,4
26,3
26,2
0,295
26,1
26,0
0,294
0,293
25,4
25,3
25,2
0,292
25,1
25,0
0,291
0,290
24,5
24,4
24,3
24,2
0,289
24,1
24,0
0,288
0,286
14,3
0,285
13,3
0,272
0,271
23,4
23,3
23,2
0,12
